2 8 3
1 6 4
7 0 5

1 2 3
8 0 4
7 6 5



------------------------------
//////////////////////////////
------------------------------

Test Case 1 :
2 8 3
1 6 4
7 0 5

1 2 3
8 0 4
7 6 5

------------------------------

Test Case 2 :
0 1 3
4 2 5
7 8 6

1 2 3
4 5 6
7 8 0

------------------------------

Test Case 3 (Infinite Loop) :
1 3 4
8 6 2
0 7 5

1 2 3
8 0 4
7 6 5

------------------------------

Test Case 4 (Infinite Loop) :
3 6 4
0 1 2
8 7 5

1 2 3
8 0 4
7 6 5

------------------------------

Test Case 5 (Infinite Loop) :
1 3 4
8 0 5
7 2 6

1 2 3
8 0 4
7 6 5
